0.9283
0.8954
0.9207
0.9287
0.4110
0.2338
0.8908
0.8588
0.7448
0.6528
0.9411
0.2363
0.9226
0.9643
0.6076
0.9744
0.8599
0.9429
0.6455
0.9545
0.7559
0.8809
0.9486
0.8183
0.7660
0.8912
0.8995
0.0751
0.6810
0.9056
0.9093
0.8129
0.8640
0.9509
0.9775
0.7128
0.0525
0.0058
0.8592
0.4369
0.8252
0.8828
0.8840
1.0000
0.9350
0.7467
0.9602
0.9467
0.8575
0.9490
0.7774
0.7982
0.9191
0.7610
0.7722
0.5240
0.6305
0.5101
0.9240
0.8382
0.8957
0.8797
0.3411
0.9057
0.8658
0.4592
0.1417
0.8354
0.9608
0.0000
0.9929
0.9220
0.9627
0.6965
0.8356
0.8607
0.9246
0.9340
0.9374
0.8687
0.8726
0.8735
0.8789
0.8866
0.9219
0.9336
0.8838
0.8845
0.9302
0.9971
0.8386
0.9218
0.7671
0.8978
0.9493
0.9434
0.8432
0.6490
