0.8507
0.8978
0.8957
0.8102
0.3782
0.2503
0.8947
0.8622
0.7465
0.6394
0.9346
0.3727
0.8817
0.8731
0.5518
0.9367
0.9207
0.9609
0.6394
0.9542
0.7554
0.9025
0.9273
0.8088
0.7588
0.8922
0.8939
0.1798
0.4870
0.9033
0.9300
0.8708
0.8235
0.9429
0.8700
0.7708
0.3837
0.0923
0.9154
0.4744
0.8259
0.9148
0.8808
0.9755
0.9501
0.9191
0.9634
0.9248
0.8622
0.9515
0.8396
0.8817
0.8798
0.8588
0.7705
0.5188
0.6417
0.2758
0.9270
0.8044
0.8869
0.8920
0.2957
0.9183
0.9604
0.4731
0.1588
0.8366
0.9179
0.0443
0.9643
0.8908
0.9272
0.6962
0.8412
0.8627
0.9062
0.9198
0.9333
0.8786
0.8553
0.8740
0.8924
0.9194
0.9211
0.9266
0.9061
0.9181
0.8927
0.9697
0.8389
0.9853
0.8079
0.9082
0.9052
0.9082
0.8250
0.7348
